1000
2 48 25
75 97 59
25 55 35
46 74 16
100 47 93
83 77 98
37 87 8
78 56 13
15 81 62
15 48 19
54 53 91
91 61 19
23 100 5
31 9 91
35 97 48
74 83 52
96 80 66
64 20 30
35 35 60
13 9 61
62 46 8
1 90 31
100 89 76
89 21 73
16 74 2
27 97 67
96 33 27
40 87 59
34 64 3
76 87 22
41 48 10
80 32 67
62 17 79
28 13 37
58 18 38
8 92 17
98 22 42
37 87 64
88 98 54
66 68 37
36 12 28
68 94 26
42 7 15
7 54 41
42 67 86
95 62 96
67 60 99
89 8 11
60 52 78
66 22 24
70 57 74
80 65 25
9 72 95
52 79 95
33 12 86
10 86 69
76 77 73
61 88 67
81 38 43
61 9 64
5 85 97
77 75 53
64 16 62
97 24 78
67 77 35
50 22 86
91 47 20
43 47 33
55 93 15
32 67 10
30 57 67
19 41 36
54 47 14
7 21 17
0 2 42
35 57 4
94 29 22
52 36 12
36 87 6
8 87 8
35 99 22
13 35 36
92 82 14
84 58 56
18 57 73
85 9 98
15 27 85
23 8 13
39 62 18
16 58 42
30 64 33
64 76 28
91 77 63
11 30 40
81 69 83
42 91 58
71 59 9
62 87 92
0 71 40
19 77 96
68 82 88
79 6 20
7 55 65
53 70 66
21 57 20
5 42 25
20 94 40
74 3 72
82 93 96
42 73 40
14 72 37
86 41 9
30 60 84
87 21 91
86 33 83
51 66 33
84 74 99
87 63 16
32 77 66
58 63 62
66 15 25
39 39 55
28 89 30
37 26 33
45 83 96
59 75 48
10 28 72
83 45 78
62 59 95
43 86 20
55 71 46
15 40 98
89 99 82
87 78 17
89 84 47
2 36 39
81 13 32
62 17 11
68 13 87
57 85 91
22 88 73
90 24 63
23 1 19
92 4 28
93 94 28
68 76 65
84 38 75
66 43 12
52 71 59
32 15 55
92 7 98
36 65 62
12 24 3
80 46 30
65 77 35
32 71 93
55 82 21
0 32 79
72 45 65
5 5 86
10 9 17
64 85 30
36 86 34
84 63 8
81 64 71
52 58 41
55 48 15
8 44 91
1 81 66
25 63 58
88 58 41
4 99 54
100 1 1
27 39 58
100 35 40
48 55 54
79 87 63
18 95 60
83 81 21
60 100 78
97 10 91
23 5 33
81 8 37
91 2 82
98 85 64
57 76 73
18 69 54
49 22 17
87 28 17
55 94 47
55 98 32
53 46 81
25 93 2
66 69 9
9 3 8
76 86 17
23 74 80
7 95 21
75 69 6
63 75 34
66 92 12
51 26 61
4 1 83
13 64 42
4 38 5
13 55 55
3 31 48
26 2 42
4 79 33
100 39 9
38 4 40
5 47 9
57 48 78
47 12 95
13 99 9
95 88 7
68 47 78
23 36 86
81 30 41
38 36 53
16 12 2
79 48 79
57 75 18
6 56 93
16 58 27
11 32 65
15 73 20
44 88 41
49 47 74
90 16 86
84 30 23
33 69 55
8 13 21
94 13 95
31 37 19
22 28 37
91 59 33
96 55 72
57 76 70
9 77 77
46 13 67
35 73 75
75 71 84
99 95 91
7 29 92
13 42 34
35 55 63
37 29 63
97 69 86
69 39 59
21 60 67
99 92 60
2 86 38
47 2 34
44 33 42
3 98 22
100 28 10
75 23 60
13 82 4
34 78 21
20 46 63
59 98 12
35 29 87
85 13 84
48 64 69
37 73 10
100 76 79
61 89 91
80 60 28
24 64 84
44 7 12
49 37 81
85 73 67
84 90 1
4 42 74
38 31 43
75 9 23
75 37 68
20 28 98
84 26 67
54 69 77
23 3 100
27 56 28
63 18 95
37 59 59
91 63 85
55 36 81
2 20 12
49 60 88
85 67 94
35 68 35
97 82 93
0 42 24
28 95 81
90 63 36
57 71 100
19 7 99
21 66 14
17 78 67
64 15 25
48 16 37
37 65 24
71 35 27
59 31 96
10 34 82
36 69 53
58 20 9
98 69 74
61 55 7
5 47 66
48 69 67
67 45 63
74 86 67
84 18 41
99 70 86
34 44 91
89 37 94
96 2 72
66 75 25
23 70 19
87 40 57
1 23 57
83 53 23
28 43 83
74 29 63
75 79 54
85 16 71
80 80 99
46 83 61
31 9 89
28 53 36
95 22 15
77 46 98
45 24 7
13 78 5
99 61 22
35 8 16
30 61 23
0 54 4
6 54 76
7 62 58
19 87 86
52 37 89
4 78 15
6 68 91
70 15 34
4 8 40
52 44 12
97 10 17
77 75 10
100 61 33
21 99 3
16 66 92
9 70 2
76 27 10
24 26 19
81 38 96
73 44 1
28 88 81
31 11 98
17 24 45
4 86 31
93 21 57
67 5 11
54 83 44
38 86 11
74 76 22
26 20 90
100 64 45
20 39 43
66 16 67
72 82 11
76 7 28
91 10 23
89 48 39
2 59 23
13 98 74
34 29 37
77 23 24
34 92 69
100 27 67
84 79 48
10 38 38
41 97 37
5 77 17
82 28 71
63 43 23
74 13 7
66 89 30
83 39 80
7 38 80
82 97 70
82 20 52
25 76 48
87 22 56
95 24 55
35 72 76
73 35 23
74 92 31
60 38 13
19 80 12
29 36 86
49 43 41
55 32 37
82 19 81
36 54 38
44 35 57
5 66 37
100 18 7
78 13 34
4 17 11
2 76 15
87 70 20
42 58 87
93 73 82
85 74 65
93 68 55
2 32 95
9 67 98
70 25 2
33 17 14
22 21 46
38 2 57
20 56 69
48 39 20
82 94 57
38 73 58
80 70 89
78 71 68
52 91 16
17 17 24
37 2 41
48 19 14
34 44 71
16 43 68
62 24 38
25 2 9
100 70 91
3 83 27
80 33 25
0 15 62
1 74 53
20 41 6
86 54 55
39 62 100
43 99 74
91 24 30
25 74 22
45 39 23
12 25 45
44 52 32
84 93 54
68 6 13
31 32 20
79 46 84
21 53 4
43 19 26
55 94 1
7 84 22
38 8 35
86 14 22
36 4 21
99 70 27
47 68 48
5 98 52
81 88 84
98 80 87
73 81 29
10 22 75
47 92 81
8 100 13
76 41 73
3 96 47
70 93 6
76 82 99
79 31 94
85 33 65
94 20 21
67 60 11
28 11 21
65 88 97
84 48 1
0 68 90
83 15 78
19 61 77
26 92 27
96 100 18
13 68 39
28 81 52
58 12 24
65 81 74
13 47 81
34 99 40
28 95 98
69 3 81
99 62 71
56 6 32
39 85 37
19 32 69
26 91 40
37 62 67
75 76 37
28 75 45
12 7 78
95 53 33
82 47 46
67 83 21
46 69 58
57 27 68
2 57 53
75 40 70
72 69 8
100 55 38
17 36 76
50 42 68
56 91 37
39 81 80
25 47 39
4 64 27
7 78 53
14 58 26
35 64 17
67 12 75
77 18 99
86 15 32
26 57 61
29 25 59
44 31 91
21 88 44
75 31 59
16 97 9
74 86 76
47 88 38
93 5 46
1 45 6
51 32 31
21 84 62
18 89 10
100 68 14
56 92 59
68 88 5
94 62 11
94 73 33
69 11 77
83 27 46
69 26 21
1 94 5
95 29 87
16 81 80
63 97 5
91 74 34
56 61 7
60 5 38
29 11 42
30 44 90
61 29 41
7 84 93
36 67 58
40 76 92
21 80 63
23 7 39
63 93 100
19 78 93
97 81 53
64 82 82
75 97 39
25 60 20
11 5 82
66 90 100
45 38 11
1 7 59
63 90 6
80 74 70
51 52 94
34 85 73
37 3 58
97 44 64
99 99 99
20 98 70
82 56 91
69 62 92
75 93 5
16 20 13
14 36 81
77 67 94
19 8 1
82 77 39
53 66 72
4 84 60
58 36 22
49 48 55
44 19 7
84 63 23
90 93 62
62 18 5
99 8 47
16 46 80
82 35 76
16 86 46
23 79 47
73 43 35
41 97 68
67 88 33
84 5 4
10 5 43
41 85 26
43 58 83
8 3 76
35 9 73
43 54 4
88 64 68
26 4 85
69 77 100
75 96 31
55 2 71
48 86 21
42 4 54
98 6 75
78 12 26
84 70 75
97 76 47
38 18 100
47 1 94
73 94 6
70 44 46
94 30 67
14 19 22
97 88 98
12 85 59
51 7 31
31 40 41
17 37 79
52 71 98
22 2 57
27 6 1
7 29 86
16 53 10
67 43 16
8 78 93
78 92 39
93 37 34
66 17 16
16 96 54
7 55 85
51 65 58
1 42 57
99 91 5
79 12 10
68 63 40
2 42 20
28 14 70
92 38 94
84 32 46
67 19 16
53 89 74
46 18 82
0 89 69
61 53 3
31 43 35
86 67 92
3 89 85
67 67 62
94 30 1
90 22 23
17 73 94
44 65 58
53 22 1
36 32 85
33 18 17
58 58 81
23 58 58
79 26 26
49 97 30
30 41 28
33 29 79
100 87 47
90 72 20
51 34 61
28 100 1
41 85 37
24 89 95
55 99 81
86 23 47
14 65 87
30 15 68
5 4 81
10 55 4
3 40 45
44 4 23
6 10 20
55 82 52
34 78 66
57 75 37
87 12 14
2 1 3
63 74 95
8 88 1
92 80 87
19 90 69
58 86 97
32 38 20
50 20 90
70 100 38
97 83 99
29 16 45
52 69 42
89 86 90
83 88 33
2 64 93
66 96 69
4 64 60
95 92 84
81 64 70
31 46 91
42 93 80
87 47 83
77 65 16
73 79 96
61 34 14
59 30 79
0 27 62
72 40 83
32 74 85
21 6 39
46 100 56
86 7 52
17 52 13
1 54 73
0 99 43
99 13 4
34 29 29
55 71 19
18 13 17
85 70 9
92 40 17
4 47 1
97 16 13
42 35 78
35 16 42
31 57 62
69 96 3
21 89 97
37 24 17
34 72 48
22 89 58
44 60 67
91 35 47
20 56 46
54 73 68
30 65 81
53 6 61
93 62 100
43 72 63
47 52 75
33 20 79
19 57 99
83 41 63
32 60 75
97 40 45
2 47 93
16 10 4
86 22 44
17 42 4
78 53 78
91 54 60
20 71 63
48 21 33
1 69 27
60 83 20
19 67 40
36 22 35
1 52 5
29 21 13
60 2 68
17 63 22
20 46 39
34 10 100
6 37 12
82 98 10
14 33 90
3 38 18
2 98 62
35 55 45
21 52 78
3 53 40
57 41 42
20 60 5
82 86 16
69 91 72
64 25 83
75 18 15
28 44 77
90 76 61
66 19 66
54 31 99
44 26 6
55 55 17
72 96 80
56 30 6
100 31 11
84 24 17
6 74 68
63 47 47
36 98 30
53 100 79
5 34 58
90 67 82
100 91 18
5 74 9
100 84 72
94 54 91
28 46 55
94 30 5
5 77 3
58 16 65
16 11 38
54 8 62
34 72 75
63 42 23
68 23 60
91 5 25
72 98 89
75 12 4
32 43 54
14 81 78
61 58 61
0 44 99
27 63 72
7 52 70
96 31 25
28 1 34
44 62 13
29 75 87
81 58 33
38 3 52
77 83 32
27 61 19
72 73 82
77 28 9
15 12 1
32 14 83
77 91 2
59 75 32
99 58 92
67 54 42
14 12 58
71 28 4
47 53 21
12 55 55
38 91 22
87 37 94
3 66 73
95 85 81
49 42 78
22 14 70
96 28 17
89 11 13
43 48 99
67 73 45
33 35 34
38 96 19
14 89 2
75 83 75
88 55 34
100 9 27
45 3 87
86 92 88
87 20 40
28 16 5
36 61 83
83 25 47
34 66 96
23 76 96
52 33 14
97 7 12
17 55 29
50 78 61
36 64 15
76 10 62
0 55 55
47 39 84
99 97 98
76 70 22
4 87 25
10 72 100
53 86 23
25 54 15
97 44 60
61 12 61
18 82 44
85 84 21
55 84 13
34 54 33
39 94 64
99 35 58
55 12 25
39 5 38
84 98 25
0 33 60
24 29 11
0 65 91
53 90 67
20 24 95
52 56 84
43 81 99
41 54 55
22 45 39
74 24 4
59 96 91
30 74 67
1 55 20
8 20 80
54 28 31
89 48 41
1 12 64
94 11 37
82 32 14
50 66 61
98 87 25
54 18 72
70 88 73
97 18 34
9 67 78
63 38 11
78 28 94
82 87 30
44 5 97
46 13 25
90 47 68
92 10 71
93 92 92
53 97 9
17 53 33
84 98 55
29 37 5
46 71 15
13 28 46
48 62 3
61 87 41
45 39 5
46 60 87
38 92 85
41 67 73
71 83 38
100 98 41
98 38 32
17 46 54
63 73 6
33 39 73
44 71 96
8 61 3
96 44 13
90 58 66
100 66 7
0 20 21
8 34 45
57 64 92
65 89 98
1 87 71
54 99 95
13 15 91
7 52 33
54 7 5
65 46 89
23 68 11
53 48 96
100 23 20
89 41 20
45 62 57
95 44 79
9 10 84
46 54 18
28 2 36
92 31 9
79 40 83
14 78 60
31 80 31
79 8 72
90 14 81
25 61 69
51 9 46
86 98 75
96 46 59
12 98 95
75 33 74
50 22 39
33 24 78
25 85 66
7 56 41
100 84 31
42 8 52
6 33 77
56 57 34
78 84 95
43 30 26
47 85 3
22 84 76
48 52 2
76 47 70
5 19 45
